Time (h)	Price ($/kWh)	Tamb (degC)
1	2.227	10
2	2.163	9
3	2.119	9
4	2.05	9
5	2.161	8
6	2.298	7
7	3.111	7
8	3.266	7
9	3.18	8
10	3.191	9
11	3.025	10
12	2.976	11
13	2.933	11
14	2.738	11
15	2.667	10
16	2.759	9
17	3.399	9
18	4.055	8
19	3.774	7
20	3.474	7
21	3.045	7
22	2.8	7
23	2.442	6
24	2.317	6
1	2.375	6
2	2.109	5
3	1.852	5
4	1.944	4
5	1.844	4
6	2.1	4
7	2.063	4
8	2.323	4
9	2.589	6
10	3.002	7
11	2.991	8
12	2.948	8
13	2.91	8
14	2.608	9
15	2.561	8
16	2.442	8
17	3.333	8
18	3.707	8
19	3.452	8
20	3.454	7
21	3.097	7
22	3	7
23	2.458	7
24	2.203	7
1	2.625	7
2	2.314	6
3	2.076	6
4	2.038	7
5	2.079	7
6	2.222	7
7	1.985	7
8	2.301	7
9	2.199	8
10	2.475	8
11	2.548	8
12	2.523	9
13	2.413	9
14	2.357	9
15	2.258	8
16	2.213	8
17	3.055	8
18	3.967	8
19	3.836	7
20	3.601	8
21	3.338	7
22	2.771	7
23	2.206	7
24	2.091	7
1	2.553	6
2	2.26	6
3	2.136	6
4	2.139	5
5	2.352	5
6	2.623	4
7	2.878	4
8	3.309	5
9	3.252	8
10	3.183	9
11	3.105	8
12	2.863	9
13	2.8	10
14	2.799	9
15	2.704	10
16	2.803	9
17	3.359	9
18	3.97	9
19	3.693	9
20	3.518	9
21	3.351	10
22	2.826	10
23	2.409	10
24	2.032	10
1	2.191	10
2	1.88	11
3	1.93	11
4	1.736	10
5	1.823	11
6	1.735	11
7	2.334	12
8	2.731	12
9	2.845	12
10	3.132	13
11	3.145	13
12	2.833	14
13	2.912	15
14	2.86	16
15	2.826	16
16	2.827	16
17	3.447	16
18	4.06	16
19	3.609	14
20	3.433	14
21	3.263	14
22	2.709	14
23	2.332	14
24	1.932	14
1	1.761	14
2	1.707	14
3	1.645	14
4	1.474	10
5	1.72	10
6	1.845	10
7	2.543	8
8	3.136	7
9	3.113	6
10	3.159	5
11	3.011	5
12	3	5
13	2.759	5
14	2.676	6
15	2.633	6
16	2.571	6
17	3.355	6
18	4.267	6
19	3.966	6
20	3.731	5
21	3.394	4
22	2.9	4
23	2.575	4
24	2.103	4
1	2.546	5
2	2.178	4
3	2.112	4
4	2.09	4
5	2.222	3
6	2.531	3
7	3.184	3
8	3.549	3
9	3.374	4
10	3.378	5
11	3.376	6
12	3.098	6
13	2.981	7
14	3.002	7
15	3.049	7
16	3.105	7
17	3.56	6
18	4.64	6
19	4.205	6
20	3.892	6
21	3.635	5
22	3.359	5
23	2.981	4
24	2.98	4
1	3.209	4
2	2.864	3
3	2.755	3
4	2.77	2
5	2.744	2
6	3.071	2
7	3.713	1
8	4.135	1
9	4.129	1
10	3.968	2
11	3.74	2
12	3.57	2
13	3.411	3
14	3.399	3
15	3.355	3
16	3.349	3
17	4.333	2
18	5.557	2
19	5.052	2
20	4.455	2
21	4.119	2
22	3.581	2
23	3.177	2
24	3.274	2
1	3.12	2
2	2.855	2
3	2.646	2
4	2.585	2
5	2.751	2
6	3.138	2
7	3.463	2
8	3.396	2
9	3.757	2
10	3.99	0
11	3.933	-1
12	3.827	-1
13	3.569	0
14	3.557	0
15	3.503	-1
16	3.614	-1
17	4.435	-1
18	5.3	-1
19	5.095	-1
20	4.769	-1
21	4.181	-1
22	3.815	-1
23	3.514	-1
24	3.056	-1
1	3.576	-1
2	3.302	-1
3	3.126	-1
4	3.031	-1
5	3.119	-1
6	3.417	-1
7	3.537	-1
8	3.376	-2
9	3.591	-1
10	3.843	0
11	3.587	1
12	3.546	2
13	3.663	3
14	3.356	3
15	3.385	4
16	3.487	3
17	4.6	3
18	5.288	3
19	5.171	2
20	4.826	2
21	4.482	2
22	4.142	2
23	3.617	2
24	3.492	2
1	3.362	2
2	3.374	2
3	3.397	2
4	3.242	2
5	3.335	1
6	3.427	1
7	4.274	1
8	4.645	1
9	4.466	1
10	4.261	2
11	4.086	3
12	3.9	4
13	3.771	4
14	3.718	5
15	3.634	4
16	3.694	4
17	5.427	4
18	6.973	3
19	5.837	3
20	5.705	3
21	4.821	3
22	3.92	4
23	3.225	4
24	3.014	4
1	3.234	4
2	3.239	5
3	2.78	6
4	2.782	6
5	3.059	7
6	3.401	8
7	4.27	8
8	4.412	9
9	4.441	9
10	4.894	10
11	4.659	10
12	4.648	9
13	4.481	8
14	4.127	7
15	3.992	7
16	4.23	7
17	5.553	6
18	6.455	6
19	5.371	5
20	5.38	2
21	5.056	1
22	4.308	1
23	3.647	0
24	3.851	-1
1	3.36	-2
2	3.141	-4
3	2.898	-5
4	2.884	-6
5	3.029	-6
6	3.175	-7
7	4.228	-7
8	4.985	-7
9	4.715	-6
10	4.828	-5
11	5.658	-4
12	5.526	-3
13	4.8	-2
14	4.181	-1
15	4.041	-1
16	4.976	-1
17	6.277	-2
18	7.764	-2
19	7.098	-2
20	6.407	-3
21	5.59	-3
22	4.442	-3
23	3.994	-3
24	3.807	-3
1	4.124	-4
2	3.671	-4
3	3.525	-4
4	3.487	-3
5	3.591	-3
6	3.837	-3
7	5.164	-3
8	5.648	-3
9	5.402	-3
10	5.403	-3
11	5.587	-2
12	5.507	-2
13	5.489	-1
14	5.449	-1
15	5.257	-1
16	5.313	-2
17	6.811	-2
18	8.336	-3
19	7.573	-3
20	6.71	-3
21	6.416	-4
22	5.925	-4
23	5.362	-4
24	4.552	-5
1	4.076	-6
2	3.801	-6
3	3.564	-6
4	3.551	-6
5	3.591	-7
6	3.678	-7
7	4.692	-6
8	4.977	-6
9	4.724	-5
10	4.91	-4
11	4.628	-4
12	4.509	-3
13	4.248	-3
14	4.122	-2
15	4.074	-4
16	4.16	-4
17	4.984	-5
18	5.847	-4
19	5.483	-4
20	4.993	-4
21	4.783	-4
22	4.353	-4
23	3.964	-4
24	3.996	-5
1	4.045	-5
2	3.729	-5
3	3.524	-4
4	3.36	-4
5	3.495	-3
6	3.696	-3
7	4.004	-3
8	4.139	-3
9	4.348	-2
10	4.577	-1
11	4.65	0
12	4.474	1
13	4.075	2
14	3.707	2
15	3.628	3
16	3.772	3
17	4.913	3
18	6.644	4
19	6.138	3
20	5.241	3
21	4.744	3
22	4.187	2
23	3.805	2
24	3.626	1
1	3.718	1
2	3.368	1
3	3.07	1
4	2.955	1
5	3.043	1
6	3.153	1
7	3.227	0
8	3.002	0
9	3.358	1
10	3.529	1
11	3.593	2
12	3.514	2
13	3.422	3
14	3.382	2
15	3.085	3
16	3.193	3
17	4.046	2
18	4.913	2
19	4.733	2
20	4.299	2
21	3.92	2
22	3.422	2
23	3.113	2
24	3.093	2
1	3.059	2
2	2.892	2
3	2.793	2
4	2.811	1
5	2.881	1
6	2.928	2
7	3.415	2
8	3.735	2
9	3.82	3
10	3.845	4
11	3.781	5
12	3.699	6
13	3.539	5
14	3.511	6
15	3.502	7
16	3.47	7
17	4.332	8
18	5.048	8
19	4.675	8
20	4.1	8
21	3.673	8
22	3.314	8
23	2.887	7
24	3.07	7
1	2.966	8
2	2.701	8
3	2.666	8
4	2.584	8
5	2.649	8
6	2.889	8
7	3.342	8
8	3.569	9
9	3.508	9
10	3.566	11
11	3.497	11
12	3.425	12
13	3.319	12
14	3.091	12
15	3.053	13
16	3.135	13
17	3.988	13
18	4.78	13
19	4.412	12
20	3.856	12
21	3.551	12
22	3.052	11
23	2.844	11
24	2.776	11
1	2.933	10
2	2.803	10
3	2.691	10
4	2.581	9
5	2.705	9
6	2.84	8
7	3.117	7
8	3.428	6
9	3.388	6
10	3.343	6
11	3.259	7
12	3.271	7
13	3.089	6
14	3.051	6
15	3.025	6
16	3.072	6
17	3.943	5
18	4.583	4
19	4.385	3
20	3.924	3
21	3.517	2
22	3.125	2
23	2.929	2
24	2.826	1
1	2.99	1
2	2.934	1
3	2.793	1
4	2.914	1
5	2.862	1
6	3.146	1
7	3.687	1
8	4.176	1
9	3.947	1
10	3.951	1
11	3.783	2
12	3.707	3
13	3.59	3
14	3.512	3
15	3.482	4
16	3.571	4
17	4.413	4
18	5.697	3
19	5.059	3
20	4.626	3
21	4.2	3
22	3.898	3
23	3.365	3
24	3.222	3
1	3.268	2
2	2.899	2
3	2.807	2
4	2.816	2
5	2.828	2
6	3.024	2
7	3.476	2
8	3.788	2
9	3.768	3
10	3.719	3
11	3.534	4
12	3.381	5
13	3.246	6
14	3.206	6
15	3.109	7
16	3.081	9
17	3.763	9
18	4.671	9
19	4.166	10
20	3.746	8
21	3.426	7
22	3.248	6
23	2.938	5
24	2.836	4
1	2.808	4
2	2.607	4
3	2.362	4
4	2.324	4
5	2.381	3
6	2.416	3
7	2.613	3
8	2.888	4
9	3.024	4
10	3.209	4
11	3.451	4
12	3.428	4
13	3.268	5
14	3.187	6
15	3.101	7
16	3.01	8
17	3.721	8
18	4.691	9
19	4.305	7
20	4.13	8
21	3.644	7
22	3.263	7
23	2.988	6
24	2.832	5
1	3.211	4
2	3.085	4
3	2.593	3
4	2.55	4
5	2.614	3
6	2.723	3
7	2.862	3
8	2.679	3
9	2.678	3
10	3.147	3
11	3.492	3
12	3.396	4
13	3.279	4
14	3.283	4
15	3.147	4
16	3.099	4
17	3.366	3
18	4.151	3
19	3.869	3
20	3.718	4
21	3.286	3
22	3.253	2
23	2.864	2
24	3.113	2
1	3.486	2
2	3.217	2
3	2.821	3
4	2.723	3
5	2.754	3
6	2.745	1
7	3.206	1
8	3.306	2
9	3.147	2
10	3.647	2
11	3.818	2
12	3.703	2
13	3.65	1
14	3.648	1
15	3.548	1
16	3.593	1
17	4.441	1
18	4.807	0
19	4.6	-1
20	4.649	-1
21	4.702	-2
22	4.335	-2
23	4.602	-2
24	4.331	-2
1	3.17	-2
2	3.194	-3
3	3.176	-3
4	3.041	-3
5	3.008	-4
6	3.233	-4
7	4.189	-4
8	5.085	-4
9	5.223	-4
10	5.55	-4
11	5.739	-4
12	5.764	-4
13	4.36	-3
14	4.247	-3
15	4.226	-3
16	4.156	-3
17	5.728	-3
18	8.404	-3
19	7.274	-3
20	7.576	-4
21	6.155	-4
22	5.386	-4
23	3.9	-4
24	4.234	-5
1	4.806	-6
2	3.772	-6
3	3.478	-6
4	3.445	-6
5	3.515	-7
6	3.939	-7
7	6.509	-7
8	7	-7
9	7.059	-7
10	8.63	-7
11	7.807	-7
12	8.215	-6
13	6.164	-5
14	6.095	-5
15	6.068	-4
16	6.093	-4
17	8.561	-5
18	12.422	-6
19	11.331	-6
20	9.936	-7
21	8	-7
22	6.939	-7
23	5.65	-8
24	5.649	-8
1	10.736	-8
2	10.093	-9
3	10.084	-9
4	10.06	-9
5	10.495	-10
6	10.147	-10
7	12.915	-11
8	15	-11
9	16.286	-11
10	16.812	-10
11	17.239	-10
12	16.825	-9
13	15.604	-8
14	13.828	-8
15	13.799	-8
16	14.629	-8
17	19.022	-8
18	21.813	-8
19	21.601	-9
20	19.596	-9
21	18.467	-11
22	15.874	-11
23	14.103	-11
24	13.31	-11
1	12.336	-12
2	11.222	-11
3	10.579	-12
4	10.814	-11
5	10.911	-11
6	11.772	-11
7	14.039	-11
8	14.648	-11
9	15.543	-11
10	15.327	-9
11	14.652	-9
12	13.414	-7
13	12.635	-6
14	11.921	-6
15	11.771	-6
16	12.492	-6
17	13.436	-6
18	18.611	-7
19	18.067	-7
20	15.905	-7
21	14.556	-7
22	13.443	-8
23	12.161	-8
24	11.351	-8
1	11.4	-8
2	10.633	-8
3	10.271	-8
4	10.211	-7
5	10.272	-7
6	10.518	-7
7	10.626	-7
8	12.423	-6
9	13.18	-6
10	14.32	-7
11	14.94	-7
12	13.545	-7
13	13.284	-6
14	12.764	-6
15	12.583	-5
16	13.15	-5
17	13.601	-5
18	18.426	-6
19	16.5	-6
20	15.5	-6
21	15.195	-6
22	13.75	-6
23	13.145	-6
24	12.371	-7
1	10	-7
2	9.611	-7
3	9.768	-7
4	9.637	-7
5	9.631	-8
6	8.586	-8
7	9.549	-9
8	10.184	-10
9	11.642	-11
10	12.41	-11
11	13.179	-10
12	12.302	-9
13	12.09	-10
14	11.48	-9
15	11.59	-9
16	12.296	-10
17	13.8	-11
18	19.762	-11
19	18.558	-11
20	16.929	-11
21	14.771	-12
22	13.966	-12
23	13.132	-12
24	12.119	-13
1	12.821	-13
2	12.818	-13
3	12.412	-13
4	12.608	-13
5	12.346	-13
6	12.796	-4
7	11.309	-4
8	12.597	-4
9	13.539	-13
10	15.643	-12
11	16.06	-11
12	14.951	-10
13	13.499	-9
14	12.946	-8
15	12.902	-8
16	13.386	-8
17	14.318	-8
18	18.573	-8
19	19.108	-8
20	17.358	-8
21	16.339	-8
22	14.612	-8
23	14.033	-9
24	13.009	-9
1	13.988	-9
2	13.069	-9
3	13.307	-10
4	13.163	-10
5	13.291	-11
6	14.479	-11
7	18.884	-11
8	20.725	-11
9	23.861	-10
10	30	-9
11	21.22	-8
12	20	-6
13	17.91	-5
14	17.663	-4
15	17.586	-3
16	16.52	-4
17	24.914	-4
18	28	-4
19	26.947	-5
20	23.766	-6
21	26.984	-7
22	22.874	-7
23	14.796	-7
24	13.781	-7
1	13.338	-7
2	13.076	-7
3	12.757	-8
4	12.366	-8
5	12.374	-8
6	13.325	-8
7	17.884	-8
8	20.491	-8
9	22.24	-8
10	21.582	-7
11	20.807	-6
12	23.658	-4
13	19.185	-3
14	16.628	-2
15	16.299	-2
16	16.599	-2
17	20.071	-2
18	25	-3
19	25	-3
20	23.617	-2
21	21.6	-2
22	16.483	-2
23	18.073	-2
24	11.907	-2
1	12.72	-2
2	11.826	-2
3	10.996	-2
4	10.764	-2
5	11.043	-3
6	12.76	-4
7	15.389	-4
8	17.624	4
9	18.611	-6
10	18.991	-6
11	20.29	-5
12	20.16	-5
13	19.06	-4
14	14.79	-5
15	15.56	-5
16	14.63	-4
17	21.272	-4
18	23.365	-3
19	23.752	-3
20	21.313	-4
21	20.184	-5
22	17.308	-6
23	14.233	-6
24	12.604	-6
1	13.878	-8
2	13.364	-9
3	13.262	-10
4	13.004	-11
5	13.664	-11
6	16.779	-12
7	20.892	-12
8	24.217	-13
9	25	-13
10	27.091	-12
11	26.279	-11
12	25.228	-11
13	23.094	-10
14	21.614	-9
15	20.695	-9
16	21.382	-9
17	24.571	-9
18	30.1	-10
19	29.627	-10
20	27.207	-1
21	24.571	-11
22	23.3	-12
23	21.701	-12
24	19.031	-12
1	17.102	-12
2	15.992	-13
3	15.853	-13
4	15.455	-13
5	15.575	-13
6	16.861	-13
7	19.88	-13
8	21.507	-13
9	22.388	-13
10	27	-13
11	25.114	-12
12	24.84	-12
13	22.004	-11
14	20.578	-11
15	20.171	-11
16	20.244	-11
17	22.268	-12
18	30.83	-12
19	31.474	-12
20	27.801	-13
21	24.571	-13
22	22.759	-13
23	23.65	-14
24	19.097	-14
1	15.808	-14
2	15.096	-14
3	14.455	-14
4	14.367	-14
5	14.461	-15
6	15.186	-15
7	16.637	-15
8	17.014	-15
9	19.793	-14
10	21.62	-13
11	21.759	-13
12	20.399	-11
13	17.884	-10
14	16.669	-9
15	15.354	-8
16	15.269	-8
17	20.469	-8
18	25.77	-8
19	24.952	-8
20	22.623	-8
21	20.87	-8
22	18.886	-8
23	16.497	-8
24	13.561	-8
1	12.848	-8
2	12.4	-8
3	12.21	-7
4	12.17	-7
5	12.14	-7
6	12.869	-7
7	16.2	-7
8	19.228	-6
9	20.807	-6
10	23.007	-5
11	22.007	-4
12	18.5	-3
13	16.816	-3
14	16.474	-2
15	16.357	-1
16	16.313	-1
17	16.864	-2
18	19.342	-2
19	18.698	-1
20	17.089	-1
21	16.196	-1
22	15.916	-1
23	15.265	-1
24	10.703	-1
1	10.469	-1
2	10.143	-1
3	9.72	-1
4	9.604	1
5	10.067	1
6	10.574	1
7	12.971	1
8	13.484	1
9	13.527	1
10	14.147	3
11	11.506	4
12	11.278	6
13	11.027	6
14	10.795	6
15	10.439	6
16	10.915	6
17	11.73	5
18	13.262	4
19	13.454	4
20	12.567	3
21	12.2	3
22	11.064	2
23	9.65	2
24	7.186	1
1	5.299	1
2	5.332	1
3	5.2	0
4	5.159	-1
5	5.188	-1
6	5.136	-1
7	6.024	-1
8	6.651	-1
9	6.653	1
10	6.85	1
11	5.716	2
12	5.817	3
13	5.427	4
14	5.165	4
15	5.015	4
16	5.07	4
17	6.068	3
18	7.228	3
19	7.848	3
20	6.431	4
21	5.583	4
22	5.497	5
23	4.568	5
24	3.385	6
1	4.086	6
2	3.791	7
3	3.462	6
4	3.485	6
5	3.67	6
6	3.816	6
7	4.106	6
8	4.648	6
9	4.439	7
10	4.515	7
11	3.931	7
12	4.098	8
13	3.704	10
14	3.596	11
15	3.472	11
16	3.477	12
17	4.327	9
18	5.227	9
19	4.51	8
20	4.186	9
21	4.005	9
22	3.893	10
23	3.216	11
24	2.751	11
1	2.705	9
2	2.65	9
3	2.481	7
4	2.365	8
5	2.513	11
6	2.62	14
7	3.131	13
8	3.333	13
9	3.514	14
10	3.808	14
11	3.807	16
12	3.985	16
13	3.783	16
14	3.749	16
15	3.666	15
16	3.343	14
17	3.914	16
18	4.622	14
19	3.959	14
20	3.682	13
21	3.412	13
22	3.136	13
23	2.733	13
24	2.505	14
1	3.136	14
2	3.029	13
3	2.829	12
4	2.68	12
5	2.805	12
6	2.784	11
7	3.205	7
8	3.195	2
9	4.246	-1
10	4.439	-2
11	6.738	-2
12	6.36	-1
13	5.763	0
14	5.412	1
15	5.411	1
16	5.537	-1
17	7.197	-2
18	8.952	-4
19	8.577	-4
20	7.75	-5
21	8.072	-6
22	6.832	-6
23	5.676	-7
24	4.626	-7
1	12.844	-8
2	10.773	-8
3	10.549	-9
4	10.494	-9
5	10.521	-9
6	10.989	-9
7	11.818	-9
8	12.951	-9
9	13.907	-9
10	14.377	-8
11	13.813	-7
12	13.301	-6
13	12.497	-5
14	11.994	-4
15	11.898	-4
16	12.362	-5
17	14.006	-6
18	19.429	-6
19	18.167	-7
20	17.995	-7
21	16.259	-8
22	15.611	-8
23	13.235	-8
24	11.264	-9
1	13.341	-9
2	12.391	-9
3	11.734	-9
4	11.543	-9
5	11.974	-8
6	14.218	-8
7	13.337	-8
8	16.5	-8
9	17.818	-7
10	19.353	-5
11	18.229	-4
12	18.005	-3
13	17.272	-2
14	17.149	-2
15	17.068	-1
16	16.768	-2
17	19.406	-2
18	25.034	-3
19	21.403	-3
20	20.229	-3
21	18.561	-4
22	17.321	-4
23	14.593	-4
24	12.54	-4
1	10.552	-4
2	10.263	-4
3	9.912	-4
4	9.914	-4
5	9.992	-4
6	10.678	-3
7	12.776	-3
8	16.324	-2
9	17.565	-2
10	17.198	0
11	15.929	1
12	15.929	1
13	15.959	2
14	14.934	2
15	13.156	2
16	13.153	2
17	15.416	1
18	17.45	1
19	16.885	1
20	15.82	1
21	14.393	1
22	13.495	1
23	12.137	1
24	8.921	2
1	8.336	2
2	8.029	2
3	7.409	2
4	7.731	2
5	8.264	2
6	9.923	2
7	11.04	1
8	13.844	1
9	13.068	1
10	14	1
11	13.289	1
12	12.75	1
13	12.626	1
14	12.648	1
15	12.691	1
16	13.051	-1
17	12.976	-2
18	16.649	-2
19	16.474	-3
20	15.719	-4
21	15.102	-4
22	12.815	-5
23	8.854	-5
24	6.945	-5
1	9.43	-6
2	9.872	-6
3	8.507	-7
4	8.507	-7
5	8.558	-7
6	8.386	-7
7	11.947	-7
8	13.025	-6
9	13.623	-6
10	13.426	-4
11	12.452	-3
12	11.512	-2
13	11.069	-1
14	10.704	-1
15	10	-1
16	10.376	0
17	12.981	-1
18	16.978	-1
19	15.095	-1
20	12.958	-2
21	13.191	-2
22	10.782	-3
23	9.917	-3
24	6.9	-3
1	6.746	-3
2	6.816	-3
3	4.897	-4
4	4.635	-4
5	4.738	-3
6	5.272	-2
7	6.699	-2
8	10.183	-1
9	8.526	-1
10	9.46	-1
11	7.453	0
12	7.386	1
13	7.344	1
14	6.752	2
15	6.64	3
16	6.978	3
17	7.426	3
18	10.168	3
19	9.061	3
20	7.569	4
21	7.498	4
22	6.128	4
23	6.029	5
24	5.985	4
1	4.07	4
2	3.399	4
3	3.201	3
4	3.443	4
5	3.093	4
6	2.766	4
7	2.783	4
8	2.875	4
9	3.439	6
10	4.004	6
11	3.697	8
12	3.664	10
13	3.647	11
14	3.541	11
15	3.537	10
16	3.415	9
17	3.571	9
18	5.546	8
19	7.069	8
20	6.519	8
21	4.127	8
22	3.564	7
23	3.07	8
24	2.697	7
1	3.326	7
2	3.205	7
3	2.891	7
4	2.73	6
5	2.71	7
6	2.754	6
7	2.282	6
8	2.425	6
9	2.708	7
10	3.234	7
11	3.391	8
12	3.401	8
13	3.403	9
14	3.373	9
15	3.369	10
16	3.362	10
17	3.394	10
18	4.394	9
19	4.38	10
20	5.094	10
21	4.139	9
22	3.612	9
23	3.364	9
24	2.55	10
1	2.235	8
2	2.252	7
3	2.029	6
4	2.153	6
5	2.22	6
6	2.406	6
7	2.979	6
8	3.405	6
9	3.954	6
10	3.975	7
11	4.112	7
12	4.068	8
13	4.119	8
14	3.959	8
15	3.748	8
16	3.693	7
17	4.238	6
18	4.729	6
19	6.985	5
20	4.16	4
21	3.902	4
22	3.489	3
23	2.98	3
24	1.817	4
1	2.491	3
2	2.136	3
3	1.315	4
4	1.256	4
5	1.218	4
6	1.606	6
7	2.569	7
8	3.404	11
9	3.688	11
10	4.086	12
11	4.371	13
12	4.227	13
13	3.968	13
14	3.925	15
15	3.821	15
16	3.822	16
17	3.888	13
18	5.518	11
19	5.087	11
20	4.691	10
21	3.883	8
22	3.418	8
23	2.76	7
24	1.796	7
1	2.658	7
2	2.348	6
3	1.808	6
4	1.808	6
5	2.147	6
6	2.509	6
7	3.266	6
8	3.352	6
9	3.443	5
10	3.56	4
11	3.626	4
12	4.021	5
13	3.49	5
14	3.556	4
15	3.451	3
16	3.554	2
17	3.921	2
18	5.261	1
19	4.692	1
20	4.448	0
21	4.179	-1
22	3.914	-2
23	3.39	-2
24	2.737	-3
1	3.471	-4
2	3.131	-4
3	2.933	-4
4	2.8	-5
5	3.002	-5
6	3.594	-4
7	4.783	-4
8	5.661	-4
9	5.174	-3
10	5.37	-3
11	5.257	-2
12	5.003	-1
13	4.824	1
14	4.792	1
15	4.703	1
16	4.65	1
17	5.04	0
18	7.5	0
19	6.874	-1
20	8.647	-1
21	5.427	-1
22	5.1	-2
23	4.918	-2
24	4.097	-2
1	4.078	-2
2	3.616	-2
3	3.305	-3
4	3.123	-3
5	3.203	-3
6	4.065	-3
7	5.348	-3
8	7.022	-2
9	7.097	-2
10	7.83	-1
11	7.606	-1
12	5.8	1
13	4.849	2
14	4.633	2
15	4.316	3
16	4.555	3
17	4.603	2
18	8.369	1
19	6.458	1
20	6.179	2
21	6.082	1
22	5.159	1
23	4.296	1
24	3.837	2
1	3.924	2
2	3.514	3
3	3.346	3
4	3.263	3
5	3.235	3
6	3.398	3
7	3.605	3
8	3.583	3
9	4.002	4
10	4.044	5
11	3.783	6
12	3.676	8
13	3.432	11
14	3.068	12
15	3.025	12
16	2.844	13
17	3.307	13
18	4.356	13
19	5.087	13
20	4.4	13
21	3.839	13
22	3.406	13
23	3.089	13
24	2.406	13
1	3.062	13
2	2.847	12
3	2.58	11
4	2.529	10
5	2.492	10
6	2.483	10
7	2.536	9
8	1.75	9
9	2.53	10
10	3.369	9
11	3.166	9
12	3.026	9
13	2.967	9
14	2.883	10
15	2.884	10
16	2.801	10
17	3.008	10
18	4.672	9
19	4.865	9
20	4.691	9
21	4.112	9
22	3.571	9
23	2.949	8
24	2.558	8
1	2.706	8
2	2.541	7
3	2.35	6
4	2.357	5
5	2.349	5
6	2.807	5
7	3.698	5
8	3.913	5
9	3.818	5
10	4.049	6
11	4.11	6
12	4.014	6
13	4.006	6
14	3.746	6
15	3.564	6
16	3.75	6
17	4.317	6
18	5.464	6
19	7.456	4
20	5.376	4
21	6.5	4
22	3.971	3
23	3.342	3
24	2.77	2
1	3.383	1
2	3.185	0
3	3.145	-1
4	3.063	-1
5	3.202	-1
6	3.593	-1
7	4.8	-1
8	5.264	-1
9	5.383	-1
10	5.675	0
11	6.226	1
12	6.121	1
13	5.277	1
14	5.102	2
15	5.08	2
16	5.331	1
17	5.925	0
18	7.058	-1
19	7.337	-2
20	8.715	-2
21	5.793	-3
22	6.136	-3
23	4.958	-4
24	4.015	-4
1	4.416	-5
2	4.144	-6
3	3.767	-6
4	3.778	-7
5	3.859	-7
6	4.682	-8
7	6.939	-8
8	9.548	-8
9	9.305	-7
10	10.059	-6
11	9.481	-5
12	7.493	-3
13	7.266	-2
14	7.005	-1
15	7.005	0
16	6.929	0
17	8.037	0
18	10.19	0
19	10.281	0
20	9.002	0
21	8.1	0
22	5.849	0
23	4.847	0
24	3.376	0
